02 November 2015 03:20:45 PM

FEM1D
  C version

  Solve the two-point boundary value problem

  - d/dX (P dU/dX) + Q U  =  F

  on the interval [XL,XR], specifying
  the value of U or U' at each end.

  The interval [XL,XR] is broken into NSUB = 20 subintervals
  Number of basis functions per element is NL = 10

  The equation is to be solved for
  X greater than XL = 0.000000
  and less than XR = 1.000000

  The boundary conditions are:

  At X = XL, U = 0.000000
  At X = XR, U' = 1.000000

  Number of quadrature points per element is 1

  Node      Location

         0        0.000000 
         1        0.050000 
         2        0.100000 
         3        0.150000 
         4        0.200000 
         5        0.250000 
         6        0.300000 
         7        0.350000 
         8        0.400000 
         9        0.450000 
        10        0.500000 
        11        0.550000 
        12        0.600000 
        13        0.650000 
        14        0.700000 
        15        0.750000 
        16        0.800000 
        17        0.850000 
        18        0.900000 
        19        0.950000 
        20        1.000000 

Subint    Length

         1        0.050000
         2        0.050000
         3        0.050000
         4        0.050000
         5        0.050000
         6        0.050000
         7        0.050000
         8        0.050000
         9        0.050000
        10        0.050000
        11        0.050000
        12        0.050000
        13        0.050000
        14        0.050000
        15        0.050000
        16        0.050000
        17        0.050000
        18        0.050000
        19        0.050000
        20        0.050000

Subint    Quadrature point

         1        0.025000
         2        0.075000
         3        0.125000
         4        0.175000
         5        0.225000
         6        0.275000
         7        0.325000
         8        0.375000
         9        0.425000
        10        0.475000
        11        0.525000
        12        0.575000
        13        0.625000
        14        0.675000
        15        0.725000
        16        0.775000
        17        0.825000
        18        0.875000
        19        0.925000
        20        0.975000

Subint  Left Node  Right Node

         1         0         1
         2         1         2
         3         2         3
         4         3         4
         5         4         5
         6         5         6
         7         6         7
         8         7         8
         9         8         9
        10         9        10
        11        10        11
        12        11        12
        13        12        13
        14        13        14
        15        14        15
        16        15        16
        17        16        17
        18        17        18
        19        18        19
        20        19        20

  Number of unknowns NU =       20

  Node  Unknown

         0        -1
         1         1
         2         2
         3         3
         4         4
         5         5
         6         6
         7         7
         8         8
         9         9
        10        10
        11        11
        12        12
        13        13
        14        14
        15        15
        16        16
        17        17
        18        18
        19        19
        20        20

Printout of tridiagonal linear system:

Equation  ALEFT  ADIAG  ARITE  RHS

         1        0.000000      100.000000      100.000000        0.000000
         2       40.000000      180.000000      300.000000        0.000000
         3      160.000000      260.000000      420.000000        0.000000
         4      360.000000      340.000000      460.000000        0.000000
         5      480.000000      360.000000      460.000000        0.000000
         6      460.000000      360.000000      460.000000        0.000000
         7      460.000000      360.000000      460.000000        0.000000
         8      460.000000      360.000000      460.000000        0.000000
         9      460.000000      360.000000      460.000000        0.000000
        10      460.000000      360.000000      460.000000        0.000000
        11      460.000000      360.000000      460.000000        0.000000
        12      460.000000      360.000000      460.000000        0.000000
        13      460.000000      360.000000      460.000000        0.000000
        14      460.000000      360.000000      460.000000        0.000000
        15      460.000000      360.000000      460.000000        0.000000
        16      460.000000      360.000000      500.000000        0.000000
        17      460.000000      360.000000      460.000000        0.000000
        18      460.000000      360.000000      340.000000        0.000000
        19      460.000000      360.000000      140.000000        0.000000
        20      300.000000      100.000000        0.000000        5.000000

FEM1D:
  Normal end of execution.

02 November 2015 03:20:45 PM
