
  Computed solution coefficients:

  Node    X(I)        U(X(I))

         0  0.000000        0.000000
         1  0.000500        0.709988
         2  0.001000       -0.078888
         3  0.001500       -0.005259
         4  0.002000        0.003165
         5  0.002500        0.000135
         6  0.003000       -0.000273
         7  0.003500        0.000000
         8  0.004000        0.000037
         9  0.004500       -0.000002
        10  0.005000       -0.000007
        11  0.005500        0.000001
        12  0.006000        0.000002
        13  0.006500       -0.000000
        14  0.007000       -0.000001
        15  0.007500        0.000000
        16  0.008000        0.000000
        17  0.008500       -0.000000
        18  0.009000       -0.000000
        19  0.009500        0.000000
        20  0.010000        0.000000
        21  0.010500       -0.000000
        22  0.011000       -0.000000
        23  0.011500        0.000000
        24  0.012000        0.000000
        25  0.012500       -0.000000
        26  0.013000       -0.000000
        27  0.013500        0.000000
        28  0.014000        0.000000
        29  0.014500       -0.000000
        30  0.015000       -0.000000
        31  0.015500        0.000000
        32  0.016000        0.000000
        33  0.016500       -0.000000
        34  0.017000       -0.000000
        35  0.017500        0.000000
        36  0.018000        0.000000
        37  0.018500       -0.000000
        38  0.019000       -0.000000
        39  0.019500        0.000000
        40  0.020000       -0.000000
        41  0.020500       -0.000000
        42  0.021000        0.000000
        43  0.021500        0.000000
        44  0.022000       -0.000000
        45  0.022500       -0.000000
        46  0.023000        0.000000
        47  0.023500        0.000000
        48  0.024000       -0.000000
        49  0.024500       -0.000000
        50  0.025000        0.000000
        51  0.025500        0.000000
        52  0.026000       -0.000000
        53  0.026500       -0.000000
        54  0.027000        0.000000
        55  0.027500        0.000000
        56  0.028000       -0.000000
        57  0.028500       -0.000000
        58  0.029000        0.000000
        59  0.029500        0.000000
        60  0.030000       -0.000000
        61  0.030500       -0.000000
        62  0.031000        0.000000
        63  0.031500        0.000000
        64  0.032000       -0.000000
        65  0.032500       -0.000000
        66  0.033000        0.000000
        67  0.033500        0.000000
        68  0.034000       -0.000000
        69  0.034500       -0.000000
        70  0.035000        0.000000
        71  0.035500        0.000000
        72  0.036000       -0.000000
        73  0.036500       -0.000000
        74  0.037000        0.000000
        75  0.037500        0.000000
        76  0.038000       -0.000000
        77  0.038500        0.000000
        78  0.039000        0.000000
        79  0.039500       -0.000000
        80  0.040000       -0.000000
        81  0.040500        0.000000
        82  0.041000        0.000000
        83  0.041500       -0.000000
        84  0.042000       -0.000000
        85  0.042500        0.000000
        86  0.043000        0.000000
        87  0.043500       -0.000000
        88  0.044000       -0.000000
        89  0.044500        0.000000
        90  0.045000        0.000000
        91  0.045500       -0.000000
        92  0.046000       -0.000000
        93  0.046500        0.000000
        94  0.047000        0.000000
        95  0.047500       -0.000000
        96  0.048000       -0.000000
        97  0.048500        0.000000
        98  0.049000        0.000000
        99  0.049500       -0.000000
       100  0.050000       -0.000000
       101  0.050500        0.000000
       102  0.051000        0.000000
       103  0.051500       -0.000000
       104  0.052000       -0.000000
       105  0.052500        0.000000
       106  0.053000        0.000000
       107  0.053500       -0.000000
       108  0.054000       -0.000000
       109  0.054500        0.000000
       110  0.055000        0.000000
       111  0.055500       -0.000000
       112  0.056000        0.000000
       113  0.056500        0.000000
       114  0.057000       -0.000000
       115  0.057500       -0.000000
       116  0.058000        0.000000
       117  0.058500        0.000000
       118  0.059000       -0.000000
       119  0.059500       -0.000000
       120  0.060000        0.000000
       121  0.060500        0.000000
       122  0.061000       -0.000000
       123  0.061500       -0.000000
       124  0.062000        0.000000
       125  0.062500        0.000000
       126  0.063000       -0.000000
       127  0.063500       -0.000000
       128  0.064000        0.000000
       129  0.064500        0.000000
       130  0.065000       -0.000000
       131  0.065500       -0.000000
       132  0.066000        0.000000
       133  0.066500        0.000000
       134  0.067000       -0.000000
       135  0.067500       -0.000000
       136  0.068000        0.000000
       137  0.068500        0.000000
       138  0.069000       -0.000000
       139  0.069500       -0.000000
       140  0.070000        0.000000
       141  0.070500        0.000000
       142  0.071000       -0.000000
       143  0.071500       -0.000000
       144  0.072000        0.000000
       145  0.072500        0.000000
       146  0.073000       -0.000000
       147  0.073500        0.000000
       148  0.074000        0.000000
       149  0.074500       -0.000000
       150  0.075000       -0.000000
       151  0.075500        0.000000
       152  0.076000        0.000000
       153  0.076500       -0.000000
       154  0.077000       -0.000000
       155  0.077500        0.000000
       156  0.078000        0.000000
       157  0.078500       -0.000000
       158  0.079000       -0.000000
       159  0.079500        0.000000
       160  0.080000        0.000000
       161  0.080500       -0.000000
       162  0.081000       -0.000000
       163  0.081500        0.000000
       164  0.082000        0.000000
       165  0.082500       -0.000000
       166  0.083000       -0.000000
       167  0.083500        0.000000
       168  0.084000        0.000000
       169  0.084500       -0.000000
       170  0.085000       -0.000000
       171  0.085500        0.000000
       172  0.086000        0.000000
       173  0.086500       -0.000000
       174  0.087000       -0.000000
       175  0.087500        0.000000
       176  0.088000        0.000000
       177  0.088500       -0.000000
       178  0.089000       -0.000000
       179  0.089500        0.000000
       180  0.090000        0.000000
       181  0.090500       -0.000000
       182  0.091000        0.000000
       183  0.091500        0.000000
       184  0.092000       -0.000000
       185  0.092500       -0.000000
       186  0.093000        0.000000
       187  0.093500        0.000000
       188  0.094000       -0.000000
       189  0.094500       -0.000000
       190  0.095000        0.000000
       191  0.095500        0.000000
       192  0.096000       -0.000000
       193  0.096500       -0.000000
       194  0.097000        0.000000
       195  0.097500        0.000000
       196  0.098000       -0.000000
       197  0.098500       -0.000000
       198  0.099000        0.000000
       199  0.099500        0.000000
       200  0.100000       -0.000000
       201  0.100500       -0.000000
       202  0.101000        0.000000
       203  0.101500        0.000000
       204  0.102000       -0.000000
       205  0.102500       -0.000000
       206  0.103000        0.000000
       207  0.103500        0.000000
       208  0.104000       -0.000000
       209  0.104500       -0.000000
       210  0.105000        0.000000
       211  0.105500        0.000000
       212  0.106000       -0.000000
       213  0.106500       -0.000000
       214  0.107000        0.000000
       215  0.107500        0.000000
       216  0.108000       -0.000000
       217  0.108500        0.000000
       218  0.109000        0.000000
       219  0.109500       -0.000000
       220  0.110000       -0.000000
       221  0.110500        0.000000
       222  0.111000        0.000000
       223  0.111500       -0.000000
       224  0.112000       -0.000000
       225  0.112500        0.000000
       226  0.113000        0.000000
       227  0.113500       -0.000000
       228  0.114000       -0.000000
       229  0.114500        0.000000
       230  0.115000        0.000000
       231  0.115500       -0.000000
       232  0.116000       -0.000000
       233  0.116500        0.000000
       234  0.117000        0.000000
       235  0.117500       -0.000000
       236  0.118000       -0.000000
       237  0.118500        0.000000
       238  0.119000        0.000000
       239  0.119500       -0.000000
       240  0.120000       -0.000000
       241  0.120500        0.000000
       242  0.121000        0.000000
       243  0.121500       -0.000000
       244  0.122000       -0.000000
       245  0.122500        0.000000
       246  0.123000        0.000000
       247  0.123500       -0.000000
       248  0.124000       -0.000000
       249  0.124500        0.000000
       250  0.125000        0.000000
       251  0.125500       -0.000000
       252  0.126000        0.000000
       253  0.126500        0.000000
       254  0.127000       -0.000000
       255  0.127500       -0.000000
       256  0.128000        0.000000
       257  0.128500        0.000000
       258  0.129000       -0.000000
       259  0.129500       -0.000000
       260  0.130000        0.000000
       261  0.130500        0.000000
       262  0.131000       -0.000000
       263  0.131500       -0.000000
       264  0.132000        0.000000
       265  0.132500        0.000000
       266  0.133000       -0.000000
       267  0.133500       -0.000000
       268  0.134000        0.000000
       269  0.134500        0.000000
       270  0.135000       -0.000000
       271  0.135500       -0.000000
       272  0.136000        0.000000
       273  0.136500        0.000000
       274  0.137000       -0.000000
       275  0.137500       -0.000000
       276  0.138000        0.000000
       277  0.138500        0.000000
       278  0.139000       -0.000000
       279  0.139500       -0.000000
       280  0.140000        0.000000
       281  0.140500        0.000000
       282  0.141000       -0.000000
       283  0.141500       -0.000000
       284  0.142000        0.000000
       285  0.142500        0.000000
       286  0.143000       -0.000000
       287  0.143500       -0.000000
       288  0.144000        0.000000
       289  0.144500       -0.000000
       290  0.145000       -0.000000
       291  0.145500        0.000000
       292  0.146000        0.000000
       293  0.146500       -0.000000
       294  0.147000       -0.000000
       295  0.147500        0.000000
       296  0.148000        0.000000
       297  0.148500       -0.000000
       298  0.149000       -0.000000
       299  0.149500        0.000000
       300  0.150000        0.000000
       301  0.150500       -0.000000
       302  0.151000       -0.000000
       303  0.151500        0.000000
       304  0.152000        0.000000
       305  0.152500       -0.000000
       306  0.153000       -0.000000
       307  0.153500        0.000000
       308  0.154000        0.000000
       309  0.154500       -0.000000
       310  0.155000       -0.000000
       311  0.155500        0.000000
       312  0.156000        0.000000
       313  0.156500       -0.000000
       314  0.157000       -0.000000
       315  0.157500        0.000000
       316  0.158000        0.000000
       317  0.158500       -0.000000
       318  0.159000       -0.000000
       319  0.159500        0.000000
       320  0.160000        0.000000
       321  0.160500       -0.000000
       322  0.161000       -0.000000
       323  0.161500        0.000000
       324  0.162000       -0.000000
       325  0.162500       -0.000000
       326  0.163000        0.000000
       327  0.163500        0.000000
       328  0.164000       -0.000000
       329  0.164500       -0.000000
       330  0.165000        0.000000
       331  0.165500        0.000000
       332  0.166000       -0.000000
       333  0.166500       -0.000000
       334  0.167000        0.000000
       335  0.167500        0.000000
       336  0.168000       -0.000000
       337  0.168500       -0.000000
       338  0.169000        0.000000
       339  0.169500        0.000000
       340  0.170000       -0.000000
       341  0.170500       -0.000000
       342  0.171000        0.000000
       343  0.171500        0.000000
       344  0.172000       -0.000000
       345  0.172500       -0.000000
       346  0.173000        0.000000
       347  0.173500        0.000000
       348  0.174000       -0.000000
       349  0.174500       -0.000000
       350  0.175000        0.000000
       351  0.175500        0.000000
       352  0.176000       -0.000000
       353  0.176500       -0.000000
       354  0.177000        0.000000
       355  0.177500        0.000000
       356  0.178000       -0.000000
       357  0.178500       -0.000000
       358  0.179000        0.000000
       359  0.179500       -0.000000
       360  0.180000       -0.000000
       361  0.180500        0.000000
       362  0.181000        0.000000
       363  0.181500       -0.000000
       364  0.182000       -0.000000
       365  0.182500        0.000000
       366  0.183000        0.000000
       367  0.183500       -0.000000
       368  0.184000       -0.000000
       369  0.184500        0.000000
       370  0.185000        0.000000
       371  0.185500       -0.000000
       372  0.186000       -0.000000
       373  0.186500        0.000000
       374  0.187000        0.000000
       375  0.187500       -0.000000
       376  0.188000       -0.000000
       377  0.188500        0.000000
       378  0.189000        0.000000
       379  0.189500       -0.000000
       380  0.190000       -0.000000
       381  0.190500        0.000000
       382  0.191000        0.000000
       383  0.191500       -0.000000
       384  0.192000       -0.000000
       385  0.192500        0.000000
       386  0.193000        0.000000
       387  0.193500       -0.000000
       388  0.194000       -0.000000
       389  0.194500        0.000000
       390  0.195000        0.000000
       391  0.195500       -0.000000
       392  0.196000       -0.000000
       393  0.196500        0.000000
       394  0.197000       -0.000000
       395  0.197500       -0.000000
       396  0.198000        0.000000
       397  0.198500        0.000000
       398  0.199000       -0.000000
       399  0.199500       -0.000000
       400  0.200000        0.000000
       401  0.200500        0.000000
       402  0.201000       -0.000000
       403  0.201500       -0.000000
       404  0.202000        0.000000
       405  0.202500        0.000000
       406  0.203000       -0.000000
       407  0.203500       -0.000000
       408  0.204000        0.000000
       409  0.204500        0.000000
       410  0.205000       -0.000000
       411  0.205500       -0.000000
       412  0.206000        0.000000
       413  0.206500        0.000000
       414  0.207000       -0.000000
       415  0.207500       -0.000000
       416  0.208000        0.000000
       417  0.208500        0.000000
       418  0.209000       -0.000000
       419  0.209500       -0.000000
       420  0.210000        0.000000
       421  0.210500        0.000000
       422  0.211000       -0.000000
       423  0.211500       -0.000000
       424  0.212000        0.000000
       425  0.212500        0.000000
       426  0.213000       -0.000000
       427  0.213500       -0.000000
       428  0.214000        0.000000
       429  0.214500       -0.000000
       430  0.215000       -0.000000
       431  0.215500        0.000000
       432  0.216000        0.000000
       433  0.216500       -0.000000
       434  0.217000       -0.000000
       435  0.217500        0.000000
       436  0.218000        0.000000
       437  0.218500       -0.000000
       438  0.219000       -0.000000
       439  0.219500        0.000000
       440  0.220000        0.000000
       441  0.220500       -0.000000
       442  0.221000       -0.000000
       443  0.221500        0.000000
       444  0.222000        0.000000
       445  0.222500       -0.000000
       446  0.223000       -0.000000
       447  0.223500        0.000000
       448  0.224000        0.000000
       449  0.224500       -0.000000
       450  0.225000       -0.000000
       451  0.225500        0.000000
       452  0.226000        0.000000
       453  0.226500       -0.000000
       454  0.227000       -0.000000
       455  0.227500        0.000000
       456  0.228000        0.000000
       457  0.228500       -0.000000
       458  0.229000       -0.000000
       459  0.229500        0.000000
       460  0.230000        0.000000
       461  0.230500       -0.000000
       462  0.231000       -0.000000
       463  0.231500        0.000000
       464  0.232000       -0.000000
       465  0.232500       -0.000000
       466  0.233000        0.000000
       467  0.233500        0.000000
       468  0.234000       -0.000000
       469  0.234500       -0.000000
       470  0.235000        0.000000
       471  0.235500        0.000000
       472  0.236000       -0.000000
       473  0.236500       -0.000000
       474  0.237000        0.000000
       475  0.237500        0.000000
       476  0.238000       -0.000000
       477  0.238500       -0.000000
       478  0.239000        0.000000
       479  0.239500        0.000000
       480  0.240000       -0.000000
       481  0.240500       -0.000000
       482  0.241000        0.000000
       483  0.241500        0.000000
       484  0.242000       -0.000000
       485  0.242500       -0.000000
       486  0.243000        0.000000
       487  0.243500        0.000000
       488  0.244000       -0.000000
       489  0.244500       -0.000000
       490  0.245000        0.000000
       491  0.245500        0.000000
       492  0.246000       -0.000000
       493  0.246500       -0.000000
       494  0.247000        0.000000
       495  0.247500        0.000000
       496  0.248000       -0.000000
       497  0.248500       -0.000000
       498  0.249000        0.000000
       499  0.249500        0.000000
       500  0.250000       -0.000000
       501  0.250500        0.000000
       502  0.251000        0.000000
       503  0.251500       -0.000000
       504  0.252000       -0.000000
       505  0.252500        0.000000
       506  0.253000        0.000000
       507  0.253500       -0.000000
       508  0.254000       -0.000000
       509  0.254500        0.000000
       510  0.255000        0.000000
       511  0.255500       -0.000000
       512  0.256000       -0.000000
       513  0.256500        0.000000
       514  0.257000        0.000000
       515  0.257500       -0.000000
       516  0.258000       -0.000000
       517  0.258500        0.000000
       518  0.259000        0.000000
       519  0.259500       -0.000000
       520  0.260000       -0.000000
       521  0.260500        0.000000
       522  0.261000        0.000000
       523  0.261500       -0.000000
       524  0.262000       -0.000000
       525  0.262500        0.000000
       526  0.263000        0.000000
       527  0.263500       -0.000000
       528  0.264000       -0.000000
       529  0.264500        0.000000
       530  0.265000        0.000000
       531  0.265500       -0.000000
       532  0.266000       -0.000000
       533  0.266500        0.000000
       534  0.267000        0.000000
       535  0.267500       -0.000000
       536  0.268000        0.000000
       537  0.268500        0.000000
       538  0.269000       -0.000000
       539  0.269500       -0.000000
       540  0.270000        0.000000
       541  0.270500        0.000000
       542  0.271000       -0.000000
       543  0.271500       -0.000000
       544  0.272000        0.000000
       545  0.272500        0.000000
       546  0.273000       -0.000000
       547  0.273500       -0.000000
       548  0.274000        0.000000
       549  0.274500        0.000000
       550  0.275000       -0.000000
       551  0.275500       -0.000000
       552  0.276000        0.000000
       553  0.276500        0.000000
       554  0.277000       -0.000000
       555  0.277500       -0.000000
       556  0.278000        0.000000
       557  0.278500        0.000000
       558  0.279000       -0.000000
       559  0.279500       -0.000000
       560  0.280000        0.000000
       561  0.280500        0.000000
       562  0.281000       -0.000000
       563  0.281500       -0.000000
       564  0.282000        0.000000
       565  0.282500        0.000000
       566  0.283000       -0.000000
       567  0.283500       -0.000000
       568  0.284000        0.000000
       569  0.284500        0.000000
       570  0.285000       -0.000000
       571  0.285500        0.000000
       572  0.286000        0.000000
       573  0.286500       -0.000000
       574  0.287000       -0.000000
       575  0.287500        0.000000
       576  0.288000        0.000000
       577  0.288500       -0.000000
       578  0.289000       -0.000000
       579  0.289500        0.000000
       580  0.290000        0.000000
       581  0.290500       -0.000000
       582  0.291000       -0.000000
       583  0.291500        0.000000
       584  0.292000        0.000000
       585  0.292500       -0.000000
       586  0.293000       -0.000000
       587  0.293500        0.000000
       588  0.294000        0.000000
       589  0.294500       -0.000000
       590  0.295000       -0.000000
       591  0.295500        0.000000
       592  0.296000        0.000000
       593  0.296500       -0.000000
       594  0.297000       -0.000000
       595  0.297500        0.000000
       596  0.298000        0.000000
       597  0.298500       -0.000000
       598  0.299000       -0.000000
       599  0.299500        0.000000
       600  0.300000        0.000000
       601  0.300500       -0.000000
       602  0.301000       -0.000000
       603  0.301500        0.000000
       604  0.302000        0.000000
       605  0.302500       -0.000000
       606  0.303000        0.000000
       607  0.303500        0.000000
       608  0.304000       -0.000000
       609  0.304500       -0.000000
       610  0.305000        0.000000
       611  0.305500        0.000000
       612  0.306000       -0.000000
       613  0.306500       -0.000000
       614  0.307000        0.000000
       615  0.307500        0.000000
       616  0.308000       -0.000000
       617  0.308500       -0.000000
       618  0.309000        0.000000
       619  0.309500        0.000000
       620  0.310000       -0.000000
       621  0.310500       -0.000000
       622  0.311000        0.000000
       623  0.311500        0.000000
       624  0.312000       -0.000000
       625  0.312500       -0.000000
       626  0.313000        0.000000
       627  0.313500        0.000000
       628  0.314000       -0.000000
       629  0.314500       -0.000000
       630  0.315000        0.000000
       631  0.315500        0.000000
       632  0.316000       -0.000000
       633  0.316500       -0.000000
       634  0.317000        0.000000
       635  0.317500        0.000000
       636  0.318000       -0.000000
       637  0.318500       -0.000000
       638  0.319000        0.000000
       639  0.319500        0.000000
       640  0.320000       -0.000000
       641  0.320500        0.000000
       642  0.321000        0.000000
       643  0.321500       -0.000000
       644  0.322000       -0.000000
       645  0.322500        0.000000
       646  0.323000        0.000000
       647  0.323500       -0.000000
       648  0.324000       -0.000000
       649  0.324500        0.000000
       650  0.325000        0.000000
       651  0.325500       -0.000000
       652  0.326000       -0.000000
       653  0.326500        0.000000
       654  0.327000        0.000000
       655  0.327500       -0.000000
       656  0.328000       -0.000000
       657  0.328500        0.000000
       658  0.329000        0.000000
       659  0.329500       -0.000000
       660  0.330000       -0.000000
       661  0.330500        0.000000
       662  0.331000        0.000000
       663  0.331500       -0.000000
       664  0.332000       -0.000000
       665  0.332500        0.000000
       666  0.333000        0.000000
       667  0.333500       -0.000000
       668  0.334000       -0.000000
       669  0.334500        0.000000
       670  0.335000        0.000000
       671  0.335500       -0.000000
       672  0.336000       -0.000000
       673  0.336500        0.000000
       674  0.337000        0.000000
       675  0.337500       -0.000000
       676  0.338000       -0.000000
       677  0.338500        0.000000
       678  0.339000       -0.000000
       679  0.339500       -0.000000
       680  0.340000        0.000000
       681  0.340500        0.000000
       682  0.341000       -0.000000
       683  0.341500       -0.000000
       684  0.342000        0.000000
       685  0.342500        0.000000
       686  0.343000       -0.000000
       687  0.343500       -0.000000
       688  0.344000        0.000000
       689  0.344500        0.000000
       690  0.345000       -0.000000
       691  0.345500       -0.000000
       692  0.346000        0.000000
       693  0.346500        0.000000
       694  0.347000       -0.000000
       695  0.347500       -0.000000
       696  0.348000        0.000000
       697  0.348500        0.000000
       698  0.349000       -0.000000
       699  0.349500       -0.000000
       700  0.350000        0.000000
       701  0.350500        0.000000
       702  0.351000       -0.000000
       703  0.351500       -0.000000
       704  0.352000        0.000000
       705  0.352500        0.000000
       706  0.353000       -0.000000
       707  0.353500       -0.000000
       708  0.354000        0.000000
       709  0.354500        0.000000
       710  0.355000       -0.000000
       711  0.355500       -0.000000
       712  0.356000        0.000000
       713  0.356500       -0.000000
       714  0.357000       -0.000000
       715  0.357500        0.000000
       716  0.358000        0.000000
       717  0.358500       -0.000000
       718  0.359000       -0.000000
       719  0.359500        0.000000
       720  0.360000        0.000000
       721  0.360500       -0.000000
       722  0.361000       -0.000000
       723  0.361500        0.000000
       724  0.362000        0.000000
       725  0.362500       -0.000000
       726  0.363000       -0.000000
       727  0.363500        0.000000
       728  0.364000        0.000000
       729  0.364500       -0.000000
       730  0.365000       -0.000000
       731  0.365500        0.000000
       732  0.366000        0.000000
       733  0.366500       -0.000000
       734  0.367000       -0.000000
       735  0.367500        0.000000
       736  0.368000        0.000000
       737  0.368500       -0.000000
       738  0.369000       -0.000000
       739  0.369500        0.000000
       740  0.370000        0.000000
       741  0.370500       -0.000000
       742  0.371000       -0.000000
       743  0.371500        0.000000
       744  0.372000        0.000000
       745  0.372500       -0.000000
       746  0.373000       -0.000000
       747  0.373500        0.000000
       748  0.374000       -0.000000
       749  0.374500       -0.000000
       750  0.375000        0.000000
       751  0.375500        0.000000
       752  0.376000       -0.000000
       753  0.376500       -0.000000
       754  0.377000        0.000000
       755  0.377500        0.000000
       756  0.378000       -0.000000
       757  0.378500       -0.000000
       758  0.379000        0.000000
       759  0.379500        0.000000
       760  0.380000       -0.000000
       761  0.380500       -0.000000
       762  0.381000        0.000000
       763  0.381500        0.000000
       764  0.382000       -0.000000
       765  0.382500       -0.000000
       766  0.383000        0.000000
       767  0.383500        0.000000
       768  0.384000       -0.000000
       769  0.384500       -0.000000
       770  0.385000        0.000000
       771  0.385500        0.000000
       772  0.386000       -0.000000
       773  0.386500       -0.000000
       774  0.387000        0.000000
       775  0.387500        0.000000
       776  0.388000       -0.000000
       777  0.388500       -0.000000
       778  0.389000        0.000000
       779  0.389500        0.000000
       780  0.390000       -0.000000
       781  0.390500       -0.000000
       782  0.391000        0.000000
       783  0.391500       -0.000000
       784  0.392000       -0.000000
       785  0.392500        0.000000
       786  0.393000        0.000000
       787  0.393500       -0.000000
       788  0.394000       -0.000000
       789  0.394500        0.000000
       790  0.395000        0.000000
       791  0.395500       -0.000000
       792  0.396000       -0.000000
       793  0.396500        0.000000
       794  0.397000        0.000000
       795  0.397500       -0.000000
       796  0.398000       -0.000000
       797  0.398500        0.000000
       798  0.399000        0.000000
       799  0.399500       -0.000000
       800  0.400000       -0.000000
       801  0.400500        0.000000
       802  0.401000        0.000000
       803  0.401500       -0.000000
       804  0.402000       -0.000000
       805  0.402500        0.000000
       806  0.403000        0.000000
       807  0.403500       -0.000000
       808  0.404000       -0.000000
       809  0.404500        0.000000
       810  0.405000        0.000000
       811  0.405500       -0.000000
       812  0.406000       -0.000000
       813  0.406500        0.000000
       814  0.407000        0.000000
       815  0.407500       -0.000000
       816  0.408000       -0.000000
       817  0.408500        0.000000
       818  0.409000       -0.000000
       819  0.409500       -0.000000
       820  0.410000        0.000000
       821  0.410500        0.000000
       822  0.411000       -0.000000
       823  0.411500       -0.000000
       824  0.412000        0.000000
       825  0.412500        0.000000
       826  0.413000       -0.000000
       827  0.413500       -0.000000
       828  0.414000        0.000000
       829  0.414500        0.000000
       830  0.415000       -0.000000
       831  0.415500       -0.000000
       832  0.416000        0.000000
       833  0.416500        0.000000
       834  0.417000       -0.000000
       835  0.417500       -0.000000
       836  0.418000        0.000000
       837  0.418500        0.000000
       838  0.419000       -0.000000
       839  0.419500       -0.000000
       840  0.420000        0.000000
       841  0.420500        0.000000
       842  0.421000       -0.000000
       843  0.421500       -0.000000
       844  0.422000        0.000000
       845  0.422500        0.000000
       846  0.423000       -0.000000
       847  0.423500       -0.000000
       848  0.424000        0.000000
       849  0.424500        0.000000
       850  0.425000       -0.000000
       851  0.425500       -0.000000
       852  0.426000        0.000000
       853  0.426500       -0.000000
       854  0.427000       -0.000000
       855  0.427500        0.000000
       856  0.428000        0.000000
       857  0.428500       -0.000000
       858  0.429000       -0.000000
       859  0.429500        0.000000
       860  0.430000        0.000000
       861  0.430500       -0.000000
       862  0.431000       -0.000000
       863  0.431500        0.000000
       864  0.432000        0.000000
       865  0.432500       -0.000000
       866  0.433000       -0.000000
       867  0.433500        0.000000
       868  0.434000        0.000000
       869  0.434500       -0.000000
       870  0.435000       -0.000000
       871  0.435500        0.000000
       872  0.436000        0.000000
       873  0.436500       -0.000000
       874  0.437000       -0.000000
       875  0.437500        0.000000
       876  0.438000        0.000000
       877  0.438500       -0.000000
       878  0.439000       -0.000000
       879  0.439500        0.000000
       880  0.440000        0.000000
       881  0.440500       -0.000000
       882  0.441000       -0.000000
       883  0.441500        0.000000
       884  0.442000        0.000000
       885  0.442500       -0.000000
       886  0.443000       -0.000000
       887  0.443500        0.000000
       888  0.444000        0.000000
       889  0.444500       -0.000000
       890  0.445000        0.000000
       891  0.445500        0.000000
       892  0.446000       -0.000000
       893  0.446500       -0.000000
       894  0.447000        0.000000
       895  0.447500        0.000000
       896  0.448000       -0.000000
       897  0.448500       -0.000000
       898  0.449000        0.000000
       899  0.449500        0.000000
       900  0.450000       -0.000000
       901  0.450500       -0.000000
       902  0.451000        0.000000
       903  0.451500        0.000000
       904  0.452000       -0.000000
       905  0.452500       -0.000000
       906  0.453000        0.000000
       907  0.453500        0.000000
       908  0.454000       -0.000000
       909  0.454500       -0.000000
       910  0.455000        0.000000
       911  0.455500        0.000000
       912  0.456000       -0.000000
       913  0.456500       -0.000000
       914  0.457000        0.000000
       915  0.457500        0.000000
       916  0.458000       -0.000000
       917  0.458500       -0.000000
       918  0.459000        0.000000
       919  0.459500        0.000000
       920  0.460000       -0.000000
       921  0.460500       -0.000000
       922  0.461000        0.000000
       923  0.461500        0.000000
       924  0.462000       -0.000000
       925  0.462500        0.000000
       926  0.463000        0.000000
       927  0.463500       -0.000000
       928  0.464000       -0.000000
       929  0.464500        0.000000
       930  0.465000        0.000000
       931  0.465500       -0.000000
       932  0.466000       -0.000000
       933  0.466500        0.000000
       934  0.467000        0.000000
       935  0.467500       -0.000000
       936  0.468000       -0.000000
       937  0.468500        0.000000
       938  0.469000        0.000000
       939  0.469500       -0.000000
       940  0.470000       -0.000000
       941  0.470500        0.000000
       942  0.471000        0.000000
       943  0.471500       -0.000000
       944  0.472000       -0.000000
       945  0.472500        0.000000
       946  0.473000        0.000000
       947  0.473500       -0.000000
       948  0.474000       -0.000000
       949  0.474500        0.000000
       950  0.475000        0.000000
       951  0.475500       -0.000000
       952  0.476000       -0.000000
       953  0.476500        0.000000
       954  0.477000        0.000000
       955  0.477500       -0.000000
       956  0.478000       -0.000000
       957  0.478500        0.000000
       958  0.479000        0.000000
       959  0.479500       -0.000000
       960  0.480000        0.000000
       961  0.480500        0.000000
       962  0.481000       -0.000000
       963  0.481500       -0.000000
       964  0.482000        0.000000
       965  0.482500        0.000000
       966  0.483000       -0.000000
       967  0.483500       -0.000000
       968  0.484000        0.000000
       969  0.484500        0.000000
       970  0.485000       -0.000000
       971  0.485500       -0.000000
       972  0.486000        0.000000
       973  0.486500        0.000000
       974  0.487000       -0.000000
       975  0.487500       -0.000000
       976  0.488000        0.000000
       977  0.488500        0.000000
       978  0.489000       -0.000000
       979  0.489500       -0.000000
       980  0.490000        0.000000
       981  0.490500        0.000000
       982  0.491000       -0.000000
       983  0.491500       -0.000000
       984  0.492000        0.000000
       985  0.492500        0.000000
       986  0.493000       -0.000000
       987  0.493500       -0.000000
       988  0.494000        0.000000
       989  0.494500        0.000000
       990  0.495000       -0.000000
       991  0.495500       -0.000000
       992  0.496000        0.000000
       993  0.496500        0.000000
       994  0.497000       -0.000000
       995  0.497500        0.000000
       996  0.498000        0.000000
       997  0.498500       -0.000000
       998  0.499000       -0.000000
       999  0.499500        0.000000
      1000  0.500000        0.000000
      1001  0.500500       -0.000000
      1002  0.501000       -0.000000
      1003  0.501500        0.000000
      1004  0.502000        0.000000
      1005  0.502500       -0.000000
      1006  0.503000       -0.000000
      1007  0.503500        0.000000
      1008  0.504000        0.000000
      1009  0.504500       -0.000000
      1010  0.505000       -0.000000
      1011  0.505500        0.000000
      1012  0.506000        0.000000
      1013  0.506500       -0.000000
      1014  0.507000       -0.000000
      1015  0.507500        0.000000
      1016  0.508000        0.000000
      1017  0.508500       -0.000000
      1018  0.509000       -0.000000
      1019  0.509500        0.000000
      1020  0.510000        0.000000
      1021  0.510500       -0.000000
      1022  0.511000       -0.000000
      1023  0.511500        0.000000
      1024  0.512000        0.000000
      1025  0.512500       -0.000000
      1026  0.513000       -0.000000
      1027  0.513500        0.000000
      1028  0.514000        0.000000
      1029  0.514500       -0.000000
      1030  0.515000        0.000000
      1031  0.515500        0.000000
      1032  0.516000       -0.000000
      1033  0.516500       -0.000000
      1034  0.517000        0.000000
      1035  0.517500        0.000000
      1036  0.518000       -0.000000
      1037  0.518500       -0.000000
      1038  0.519000        0.000000
      1039  0.519500        0.000000
      1040  0.520000       -0.000000
      1041  0.520500       -0.000000
      1042  0.521000        0.000000
      1043  0.521500        0.000000
      1044  0.522000       -0.000000
      1045  0.522500       -0.000000
      1046  0.523000        0.000000
      1047  0.523500        0.000000
      1048  0.524000       -0.000000
      1049  0.524500       -0.000000
      1050  0.525000        0.000000
      1051  0.525500        0.000000
      1052  0.526000       -0.000000
      1053  0.526500       -0.000000
      1054  0.527000        0.000000
      1055  0.527500        0.000000
      1056  0.528000       -0.000000
      1057  0.528500       -0.000000
      1058  0.529000        0.000000
      1059  0.529500        0.000000
      1060  0.530000       -0.000000
      1061  0.530500       -0.000000
      1062  0.531000        0.000000
      1063  0.531500        0.000000
      1064  0.532000       -0.000000
      1065  0.532500        0.000000
      1066  0.533000        0.000000
      1067  0.533500       -0.000000
      1068  0.534000       -0.000000
      1069  0.534500        0.000000
      1070  0.535000        0.000000
      1071  0.535500       -0.000000
      1072  0.536000       -0.000000
      1073  0.536500        0.000000
      1074  0.537000        0.000000
      1075  0.537500       -0.000000
      1076  0.538000       -0.000000
      1077  0.538500        0.000000
      1078  0.539000        0.000000
      1079  0.539500       -0.000000
      1080  0.540000       -0.000000
      1081  0.540500        0.000000
      1082  0.541000        0.000000
      1083  0.541500       -0.000000
      1084  0.542000       -0.000000
      1085  0.542500        0.000000
      1086  0.543000        0.000000
      1087  0.543500       -0.000000
      1088  0.544000       -0.000000
      1089  0.544500        0.000000
      1090  0.545000        0.000000
      1091  0.545500       -0.000000
      1092  0.546000       -0.000000
      1093  0.546500        0.000000
      1094  0.547000        0.000000
      1095  0.547500       -0.000000
      1096  0.548000       -0.000000
      1097  0.548500        0.000000
      1098  0.549000        0.000000
      1099  0.549500       -0.000000
      1100  0.550000       -0.000000
      1101  0.550500        0.000000
      1102  0.551000       -0.000000
      1103  0.551500       -0.000000
      1104  0.552000        0.000000
      1105  0.552500        0.000000
      1106  0.553000       -0.000000
      1107  0.553500       -0.000000
      1108  0.554000        0.000000
      1109  0.554500        0.000000
      1110  0.555000       -0.000000
      1111  0.555500       -0.000000
      1112  0.556000        0.000000
      1113  0.556500        0.000000
      1114  0.557000       -0.000000
      1115  0.557500       -0.000000
      1116  0.558000        0.000000
      1117  0.558500        0.000000
      1118  0.559000       -0.000000
      1119  0.559500       -0.000000
      1120  0.560000        0.000000
      1121  0.560500        0.000000
      1122  0.561000       -0.000000
      1123  0.561500       -0.000000
      1124  0.562000        0.000000
      1125  0.562500        0.000000
      1126  0.563000       -0.000000
      1127  0.563500       -0.000000
      1128  0.564000        0.000000
      1129  0.564500        0.000000
      1130  0.565000       -0.000000
      1131  0.565500       -0.000000
      1132  0.566000        0.000000
      1133  0.566500        0.000000
      1134  0.567000       -0.000000
      1135  0.567500       -0.000000
      1136  0.568000        0.000000
      1137  0.568500       -0.000000
      1138  0.569000       -0.000000
      1139  0.569500        0.000000
      1140  0.570000        0.000000
      1141  0.570500       -0.000000
      1142  0.571000       -0.000000
      1143  0.571500        0.000000
      1144  0.572000        0.000000
      1145  0.572500       -0.000000
      1146  0.573000       -0.000000
      1147  0.573500        0.000000
      1148  0.574000        0.000000
      1149  0.574500       -0.000000
      1150  0.575000       -0.000000
      1151  0.575500        0.000000
      1152  0.576000        0.000000
      1153  0.576500       -0.000000
      1154  0.577000       -0.000000
      1155  0.577500        0.000000
      1156  0.578000        0.000000
      1157  0.578500       -0.000000
      1158  0.579000       -0.000000
      1159  0.579500        0.000000
      1160  0.580000        0.000000
      1161  0.580500       -0.000000
      1162  0.581000       -0.000000
      1163  0.581500        0.000000
      1164  0.582000        0.000000
      1165  0.582500       -0.000000
      1166  0.583000       -0.000000
      1167  0.583500        0.000000
      1168  0.584000        0.000000
      1169  0.584500       -0.000000
      1170  0.585000       -0.000000
      1171  0.585500        0.000000
      1172  0.586000       -0.000000
      1173  0.586500       -0.000000
      1174  0.587000        0.000000
      1175  0.587500        0.000000
      1176  0.588000       -0.000000
      1177  0.588500       -0.000000
      1178  0.589000        0.000000
      1179  0.589500        0.000000
      1180  0.590000       -0.000000
      1181  0.590500       -0.000000
      1182  0.591000        0.000000
      1183  0.591500        0.000000
      1184  0.592000       -0.000000
      1185  0.592500       -0.000000
      1186  0.593000        0.000000
      1187  0.593500        0.000000
      1188  0.594000       -0.000000
      1189  0.594500       -0.000000
      1190  0.595000        0.000000
      1191  0.595500        0.000000
      1192  0.596000       -0.000000
      1193  0.596500       -0.000000
      1194  0.597000        0.000000
      1195  0.597500        0.000000
      1196  0.598000       -0.000000
      1197  0.598500       -0.000000
      1198  0.599000        0.000000
      1199  0.599500        0.000000
      1200  0.600000       -0.000000
      1201  0.600500       -0.000000
      1202  0.601000        0.000000
      1203  0.601500        0.000000
      1204  0.602000       -0.000000
      1205  0.602500       -0.000000
      1206  0.603000        0.000000
      1207  0.603500       -0.000000
      1208  0.604000       -0.000000
      1209  0.604500        0.000000
      1210  0.605000        0.000000
      1211  0.605500       -0.000000
      1212  0.606000       -0.000000
      1213  0.606500        0.000000
      1214  0.607000        0.000000
      1215  0.607500       -0.000000
      1216  0.608000       -0.000000
      1217  0.608500        0.000000
      1218  0.609000        0.000000
      1219  0.609500       -0.000000
      1220  0.610000       -0.000000
      1221  0.610500        0.000000
      1222  0.611000        0.000000
      1223  0.611500       -0.000000
      1224  0.612000       -0.000000
      1225  0.612500        0.000000
      1226  0.613000        0.000000
      1227  0.613500       -0.000000
      1228  0.614000       -0.000000
      1229  0.614500        0.000000
      1230  0.615000        0.000000
      1231  0.615500       -0.000000
      1232  0.616000       -0.000000
      1233  0.616500        0.000000
      1234  0.617000        0.000000
      1235  0.617500       -0.000000
      1236  0.618000       -0.000000
      1237  0.618500        0.000000
      1238  0.619000        0.000000
      1239  0.619500       -0.000000
      1240  0.620000       -0.000000
      1241  0.620500        0.000000
      1242  0.621000       -0.000000
      1243  0.621500       -0.000000
      1244  0.622000        0.000000
      1245  0.622500        0.000000
      1246  0.623000       -0.000000
      1247  0.623500       -0.000000
      1248  0.624000        0.000000
      1249  0.624500        0.000000
      1250  0.625000       -0.000000
      1251  0.625500       -0.000000
      1252  0.626000        0.000000
      1253  0.626500        0.000000
      1254  0.627000       -0.000000
      1255  0.627500       -0.000000
      1256  0.628000        0.000000
      1257  0.628500        0.000000
      1258  0.629000       -0.000000
      1259  0.629500       -0.000000
      1260  0.630000        0.000000
      1261  0.630500        0.000000
      1262  0.631000       -0.000000
      1263  0.631500       -0.000000
      1264  0.632000        0.000000
      1265  0.632500        0.000000
      1266  0.633000       -0.000000
      1267  0.633500       -0.000000
      1268  0.634000        0.000000
      1269  0.634500        0.000000
      1270  0.635000       -0.000000
      1271  0.635500       -0.000000
      1272  0.636000        0.000000
      1273  0.636500        0.000000
      1274  0.637000       -0.000000
      1275  0.637500       -0.000000
      1276  0.638000        0.000000
      1277  0.638500       -0.000000
      1278  0.639000       -0.000000
      1279  0.639500        0.000000
      1280  0.640000        0.000000
      1281  0.640500       -0.000000
      1282  0.641000       -0.000000
      1283  0.641500        0.000000
      1284  0.642000        0.000000
      1285  0.642500       -0.000000
      1286  0.643000       -0.000000
      1287  0.643500        0.000000
      1288  0.644000        0.000000
      1289  0.644500       -0.000000
      1290  0.645000       -0.000000
      1291  0.645500        0.000000
      1292  0.646000        0.000000
      1293  0.646500       -0.000000
      1294  0.647000       -0.000000
      1295  0.647500        0.000000
      1296  0.648000        0.000000
      1297  0.648500       -0.000000
      1298  0.649000       -0.000000
      1299  0.649500        0.000000
      1300  0.650000        0.000000
      1301  0.650500       -0.000000
      1302  0.651000       -0.000000
      1303  0.651500        0.000000
      1304  0.652000        0.000000
      1305  0.652500       -0.000000
      1306  0.653000       -0.000000
      1307  0.653500        0.000000
      1308  0.654000        0.000000
      1309  0.654500       -0.000000
      1310  0.655000       -0.000000
      1311  0.655500        0.000000
      1312  0.656000        0.000000
      1313  0.656500       -0.000000
      1314  0.657000        0.000000
      1315  0.657500        0.000000
      1316  0.658000       -0.000000
      1317  0.658500       -0.000000
      1318  0.659000        0.000000
      1319  0.659500        0.000000
      1320  0.660000       -0.000000
      1321  0.660500       -0.000000
      1322  0.661000        0.000000
      1323  0.661500        0.000000
      1324  0.662000       -0.000000
      1325  0.662500       -0.000000
      1326  0.663000        0.000000
      1327  0.663500        0.000000
      1328  0.664000       -0.000000
      1329  0.664500       -0.000000
      1330  0.665000        0.000000
      1331  0.665500        0.000000
      1332  0.666000       -0.000000
      1333  0.666500       -0.000000
      1334  0.667000        0.000000
      1335  0.667500        0.000000
      1336  0.668000       -0.000000
      1337  0.668500       -0.000000
      1338  0.669000        0.000000
      1339  0.669500        0.000000
      1340  0.670000       -0.000000
      1341  0.670500       -0.000000
      1342  0.671000        0.000000
      1343  0.671500        0.000000
      1344  0.672000       -0.000000
      1345  0.672500       -0.000000
      1346  0.673000        0.000000
      1347  0.673500        0.000000
      1348  0.674000       -0.000000
      1349  0.674500        0.000000
      1350  0.675000        0.000000
      1351  0.675500       -0.000000
      1352  0.676000       -0.000000
      1353  0.676500        0.000000
      1354  0.677000        0.000000
      1355  0.677500       -0.000000
      1356  0.678000       -0.000000
      1357  0.678500        0.000000
      1358  0.679000        0.000000
      1359  0.679500       -0.000000
      1360  0.680000       -0.000000
      1361  0.680500        0.000000
      1362  0.681000        0.000000
      1363  0.681500       -0.000000
      1364  0.682000       -0.000000
      1365  0.682500        0.000000
      1366  0.683000        0.000000
      1367  0.683500       -0.000000
      1368  0.684000       -0.000000
      1369  0.684500        0.000000
      1370  0.685000        0.000000
      1371  0.685500       -0.000000
      1372  0.686000       -0.000000
      1373  0.686500        0.000000
      1374  0.687000        0.000000
      1375  0.687500       -0.000000
      1376  0.688000       -0.000000
      1377  0.688500        0.000000
      1378  0.689000        0.000000
      1379  0.689500       -0.000000
      1380  0.690000       -0.000000
      1381  0.690500        0.000000
      1382  0.691000        0.000000
      1383  0.691500       -0.000000
      1384  0.692000        0.000000
      1385  0.692500        0.000000
      1386  0.693000       -0.000000
      1387  0.693500       -0.000000
      1388  0.694000        0.000000
      1389  0.694500        0.000000
      1390  0.695000       -0.000000
      1391  0.695500       -0.000000
      1392  0.696000        0.000000
      1393  0.696500        0.000000
      1394  0.697000       -0.000000
      1395  0.697500       -0.000000
      1396  0.698000        0.000000
      1397  0.698500        0.000000
      1398  0.699000       -0.000000
      1399  0.699500       -0.000000
      1400  0.700000        0.000000
      1401  0.700500        0.000000
      1402  0.701000       -0.000000
      1403  0.701500       -0.000000
      1404  0.702000        0.000000
      1405  0.702500        0.000000
      1406  0.703000       -0.000000
      1407  0.703500       -0.000000
      1408  0.704000        0.000000
      1409  0.704500        0.000000
      1410  0.705000       -0.000000
      1411  0.705500       -0.000000
      1412  0.706000        0.000000
      1413  0.706500        0.000000
      1414  0.707000       -0.000000
      1415  0.707500       -0.000000
      1416  0.708000        0.000000
      1417  0.708500        0.000000
      1418  0.709000       -0.000000
      1419  0.709500        0.000000
      1420  0.710000        0.000000
      1421  0.710500       -0.000000
      1422  0.711000       -0.000000
      1423  0.711500        0.000000
      1424  0.712000        0.000000
      1425  0.712500       -0.000000
      1426  0.713000       -0.000000
      1427  0.713500        0.000000
      1428  0.714000        0.000000
      1429  0.714500       -0.000000
      1430  0.715000       -0.000000
      1431  0.715500        0.000000
      1432  0.716000        0.000000
      1433  0.716500       -0.000000
      1434  0.717000       -0.000000
      1435  0.717500        0.000000
      1436  0.718000        0.000000
      1437  0.718500       -0.000000
      1438  0.719000       -0.000000
      1439  0.719500        0.000000
      1440  0.720000        0.000000
      1441  0.720500       -0.000000
      1442  0.721000       -0.000000
      1443  0.721500        0.000000
      1444  0.722000        0.000000
      1445  0.722500       -0.000000
      1446  0.723000       -0.000000
      1447  0.723500        0.000000
      1448  0.724000        0.000000
      1449  0.724500       -0.000000
      1450  0.725000       -0.000000
      1451  0.725500        0.000000
      1452  0.726000        0.000000
      1453  0.726500       -0.000000
      1454  0.727000        0.000000
      1455  0.727500        0.000000
      1456  0.728000       -0.000000
      1457  0.728500       -0.000000
      1458  0.729000        0.000000
      1459  0.729500        0.000000
      1460  0.730000       -0.000000
      1461  0.730500       -0.000000
      1462  0.731000        0.000000
      1463  0.731500        0.000000
      1464  0.732000       -0.000000
      1465  0.732500       -0.000000
      1466  0.733000        0.000000
      1467  0.733500        0.000000
      1468  0.734000       -0.000000
      1469  0.734500       -0.000000
      1470  0.735000        0.000000
      1471  0.735500        0.000000
      1472  0.736000       -0.000000
      1473  0.736500       -0.000000
      1474  0.737000        0.000000
      1475  0.737500        0.000000
      1476  0.738000       -0.000000
      1477  0.738500       -0.000000
      1478  0.739000        0.000000
      1479  0.739500        0.000000
      1480  0.740000       -0.000000
      1481  0.740500       -0.000000
      1482  0.741000        0.000000
      1483  0.741500        0.000000
      1484  0.742000       -0.000000
      1485  0.742500       -0.000000
      1486  0.743000        0.000000
      1487  0.743500        0.000000
      1488  0.744000       -0.000000
      1489  0.744500       -0.000000
      1490  0.745000        0.000000
      1491  0.745500       -0.000000
      1492  0.746000       -0.000000
      1493  0.746500        0.000000
      1494  0.747000        0.000000
      1495  0.747500       -0.000000
      1496  0.748000       -0.000000
      1497  0.748500        0.000000
      1498  0.749000        0.000000
      1499  0.749500       -0.000000
      1500  0.750000       -0.000000
      1501  0.750500        0.000000
      1502  0.751000        0.000000
      1503  0.751500       -0.000000
      1504  0.752000       -0.000000
      1505  0.752500        0.000000
      1506  0.753000        0.000000
      1507  0.753500       -0.000000
      1508  0.754000       -0.000000
      1509  0.754500        0.000000
      1510  0.755000        0.000000
      1511  0.755500       -0.000000
      1512  0.756000       -0.000000
      1513  0.756500        0.000000
      1514  0.757000        0.000000
      1515  0.757500       -0.000000
      1516  0.758000       -0.000000
      1517  0.758500        0.000000
      1518  0.759000        0.000000
      1519  0.759500       -0.000000
      1520  0.760000       -0.000000
      1521  0.760500        0.000000
      1522  0.761000        0.000000
      1523  0.761500       -0.000000
      1524  0.762000       -0.000000
      1525  0.762500        0.000000
      1526  0.763000       -0.000000
      1527  0.763500       -0.000000
      1528  0.764000        0.000000
      1529  0.764500        0.000000
      1530  0.765000       -0.000000
      1531  0.765500       -0.000000
      1532  0.766000        0.000000
      1533  0.766500        0.000000
      1534  0.767000       -0.000000
      1535  0.767500       -0.000000
      1536  0.768000        0.000000
      1537  0.768500        0.000000
      1538  0.769000       -0.000000
      1539  0.769500       -0.000000
      1540  0.770000        0.000000
      1541  0.770500        0.000000
      1542  0.771000       -0.000000
      1543  0.771500       -0.000000
      1544  0.772000        0.000000
      1545  0.772500        0.000000
      1546  0.773000       -0.000000
      1547  0.773500       -0.000000
      1548  0.774000        0.000000
      1549  0.774500        0.000000
      1550  0.775000       -0.000000
      1551  0.775500       -0.000000
      1552  0.776000        0.000000
      1553  0.776500        0.000000
      1554  0.777000       -0.000000
      1555  0.777500       -0.000000
      1556  0.778000        0.000000
      1557  0.778500        0.000000
      1558  0.779000       -0.000000
      1559  0.779500       -0.000000
      1560  0.780000        0.000000
      1561  0.780500       -0.000000
      1562  0.781000       -0.000000
      1563  0.781500        0.000000
      1564  0.782000        0.000000
      1565  0.782500       -0.000000
      1566  0.783000       -0.000000
      1567  0.783500        0.000000
      1568  0.784000        0.000000
      1569  0.784500       -0.000000
      1570  0.785000       -0.000000
      1571  0.785500        0.000000
      1572  0.786000        0.000000
      1573  0.786500       -0.000000
      1574  0.787000       -0.000000
      1575  0.787500        0.000000
      1576  0.788000        0.000000
      1577  0.788500       -0.000000
      1578  0.789000       -0.000000
      1579  0.789500        0.000000
      1580  0.790000        0.000000
      1581  0.790500       -0.000000
      1582  0.791000       -0.000000
      1583  0.791500        0.000000
      1584  0.792000        0.000000
      1585  0.792500       -0.000000
      1586  0.793000       -0.000000
      1587  0.793500        0.000000
      1588  0.794000        0.000000
      1589  0.794500       -0.000000
      1590  0.795000       -0.000000
      1591  0.795500        0.000000
      1592  0.796000        0.000000
      1593  0.796500       -0.000000
      1594  0.797000       -0.000000
      1595  0.797500        0.000000
      1596  0.798000       -0.000000
      1597  0.798500       -0.000000
      1598  0.799000        0.000000
      1599  0.799500        0.000000
      1600  0.800000       -0.000000
      1601  0.800500       -0.000000
      1602  0.801000        0.000000
      1603  0.801500        0.000000
      1604  0.802000       -0.000000
      1605  0.802500       -0.000000
      1606  0.803000        0.000000
      1607  0.803500        0.000000
      1608  0.804000       -0.000000
      1609  0.804500       -0.000000
      1610  0.805000        0.000000
      1611  0.805500        0.000000
      1612  0.806000       -0.000000
      1613  0.806500       -0.000000
      1614  0.807000        0.000000
      1615  0.807500        0.000000
      1616  0.808000       -0.000000
      1617  0.808500       -0.000000
      1618  0.809000        0.000000
      1619  0.809500        0.000000
      1620  0.810000       -0.000000
      1621  0.810500       -0.000000
      1622  0.811000        0.000000
      1623  0.811500        0.000000
      1624  0.812000       -0.000000
      1625  0.812500       -0.000000
      1626  0.813000        0.000000
      1627  0.813500        0.000000
      1628  0.814000       -0.000000
      1629  0.814500       -0.000000
      1630  0.815000        0.000000
      1631  0.815500       -0.000000
      1632  0.816000       -0.000000
      1633  0.816500        0.000000
      1634  0.817000        0.000000
      1635  0.817500       -0.000000
      1636  0.818000       -0.000000
      1637  0.818500        0.000000
      1638  0.819000        0.000000
      1639  0.819500       -0.000000
      1640  0.820000       -0.000000
      1641  0.820500        0.000000
      1642  0.821000        0.000000
      1643  0.821500       -0.000000
      1644  0.822000       -0.000000
      1645  0.822500        0.000000
      1646  0.823000        0.000000
      1647  0.823500       -0.000000
      1648  0.824000       -0.000000
      1649  0.824500        0.000000
      1650  0.825000        0.000000
      1651  0.825500       -0.000000
      1652  0.826000       -0.000000
      1653  0.826500        0.000000
      1654  0.827000        0.000000
      1655  0.827500       -0.000000
      1656  0.828000       -0.000000
      1657  0.828500        0.000000
      1658  0.829000        0.000000
      1659  0.829500       -0.000000
      1660  0.830000       -0.000000
      1661  0.830500        0.000000
      1662  0.831000        0.000000
      1663  0.831500       -0.000000
      1664  0.832000       -0.000000
      1665  0.832500        0.000000
      1666  0.833000       -0.000000
      1667  0.833500       -0.000000
      1668  0.834000        0.000000
      1669  0.834500        0.000000
      1670  0.835000       -0.000000
      1671  0.835500       -0.000000
      1672  0.836000        0.000000
      1673  0.836500        0.000000
      1674  0.837000       -0.000000
      1675  0.837500       -0.000000
      1676  0.838000        0.000000
      1677  0.838500        0.000000
      1678  0.839000       -0.000000
      1679  0.839500       -0.000000
      1680  0.840000        0.000000
      1681  0.840500        0.000000
      1682  0.841000       -0.000000
      1683  0.841500       -0.000000
      1684  0.842000        0.000000
      1685  0.842500        0.000000
      1686  0.843000       -0.000000
      1687  0.843500       -0.000000
      1688  0.844000        0.000000
      1689  0.844500        0.000000
      1690  0.845000       -0.000000
      1691  0.845500       -0.000000
      1692  0.846000        0.000000
      1693  0.846500        0.000000
      1694  0.847000       -0.000000
      1695  0.847500       -0.000000
      1696  0.848000        0.000000
      1697  0.848500        0.000000
      1698  0.849000       -0.000000
      1699  0.849500       -0.000000
      1700  0.850000        0.000000
      1701  0.850500        0.000000
      1702  0.851000       -0.000000
      1703  0.851500        0.000000
      1704  0.852000        0.000000
      1705  0.852500       -0.000000
      1706  0.853000       -0.000000
      1707  0.853500        0.000000
      1708  0.854000        0.000000
      1709  0.854500       -0.000000
      1710  0.855000       -0.000000
      1711  0.855500        0.000000
      1712  0.856000        0.000000
      1713  0.856500       -0.000000
      1714  0.857000       -0.000000
      1715  0.857500        0.000000
      1716  0.858000        0.000000
      1717  0.858500       -0.000000
      1718  0.859000       -0.000000
      1719  0.859500        0.000000
      1720  0.860000        0.000000
      1721  0.860500       -0.000000
      1722  0.861000       -0.000000
      1723  0.861500        0.000000
      1724  0.862000        0.000000
      1725  0.862500       -0.000000
      1726  0.863000       -0.000000
      1727  0.863500        0.000000
      1728  0.864000        0.000000
      1729  0.864500       -0.000000
      1730  0.865000       -0.000000
      1731  0.865500        0.000000
      1732  0.866000        0.000000
      1733  0.866500       -0.000000
      1734  0.867000       -0.000000
      1735  0.867500        0.000000
      1736  0.868000        0.000000
      1737  0.868500       -0.000000
      1738  0.869000        0.000000
      1739  0.869500        0.000000
      1740  0.870000       -0.000000
      1741  0.870500       -0.000000
      1742  0.871000        0.000000
      1743  0.871500        0.000000
      1744  0.872000       -0.000000
      1745  0.872500       -0.000000
      1746  0.873000        0.000000
      1747  0.873500        0.000000
      1748  0.874000       -0.000000
      1749  0.874500       -0.000000
      1750  0.875000        0.000000
      1751  0.875500        0.000000
      1752  0.876000       -0.000000
      1753  0.876500       -0.000000
      1754  0.877000        0.000000
      1755  0.877500        0.000000
      1756  0.878000       -0.000000
      1757  0.878500       -0.000000
      1758  0.879000        0.000000
      1759  0.879500        0.000000
      1760  0.880000       -0.000000
      1761  0.880500       -0.000000
      1762  0.881000        0.000000
      1763  0.881500        0.000000
      1764  0.882000       -0.000000
      1765  0.882500       -0.000000
      1766  0.883000        0.000000
      1767  0.883500        0.000000
      1768  0.884000       -0.000000
      1769  0.884500       -0.000000
      1770  0.885000        0.000000
      1771  0.885500        0.000000
      1772  0.886000       -0.000000
      1773  0.886500        0.000000
      1774  0.887000        0.000000
      1775  0.887500       -0.000000
      1776  0.888000       -0.000000
      1777  0.888500        0.000000
      1778  0.889000        0.000000
      1779  0.889500       -0.000000
      1780  0.890000       -0.000000
      1781  0.890500        0.000000
      1782  0.891000        0.000000
      1783  0.891500       -0.000000
      1784  0.892000       -0.000000
      1785  0.892500        0.000000
      1786  0.893000        0.000000
      1787  0.893500       -0.000000
      1788  0.894000       -0.000000
      1789  0.894500        0.000000
      1790  0.895000        0.000000
      1791  0.895500       -0.000000
      1792  0.896000       -0.000000
      1793  0.896500        0.000000
      1794  0.897000        0.000000
      1795  0.897500       -0.000000
      1796  0.898000       -0.000000
      1797  0.898500        0.000000
      1798  0.899000        0.000000
      1799  0.899500       -0.000000
      1800  0.900000       -0.000000
      1801  0.900500        0.000000
      1802  0.901000        0.000000
      1803  0.901500       -0.000000
      1804  0.902000       -0.000000
      1805  0.902500        0.000000
      1806  0.903000        0.000000
      1807  0.903500       -0.000000
      1808  0.904000        0.000000
      1809  0.904500        0.000000
      1810  0.905000       -0.000000
      1811  0.905500       -0.000000
      1812  0.906000        0.000000
      1813  0.906500        0.000000
      1814  0.907000       -0.000000
      1815  0.907500       -0.000000
      1816  0.908000        0.000000
      1817  0.908500        0.000000
      1818  0.909000       -0.000000
      1819  0.909500       -0.000000
      1820  0.910000        0.000000
      1821  0.910500        0.000000
      1822  0.911000       -0.000000
      1823  0.911500       -0.000000
      1824  0.912000        0.000000
      1825  0.912500        0.000000
      1826  0.913000       -0.000000
      1827  0.913500       -0.000000
      1828  0.914000        0.000000
      1829  0.914500        0.000000
      1830  0.915000       -0.000000
      1831  0.915500       -0.000000
      1832  0.916000        0.000000
      1833  0.916500        0.000000
      1834  0.917000       -0.000000
      1835  0.917500       -0.000000
      1836  0.918000        0.000000
      1837  0.918500        0.000000
      1838  0.919000       -0.000000
      1839  0.919500       -0.000000
      1840  0.920000        0.000000
      1841  0.920500        0.000000
      1842  0.921000       -0.000000
      1843  0.921500        0.000000
      1844  0.922000        0.000000
      1845  0.922500       -0.000000
      1846  0.923000       -0.000000
      1847  0.923500        0.000000
      1848  0.924000        0.000000
      1849  0.924500       -0.000000
      1850  0.925000       -0.000000
      1851  0.925500        0.000000
      1852  0.926000        0.000000
      1853  0.926500       -0.000000
      1854  0.927000       -0.000000
      1855  0.927500        0.000000
      1856  0.928000        0.000000
      1857  0.928500       -0.000000
      1858  0.929000       -0.000000
      1859  0.929500        0.000000
      1860  0.930000        0.000000
      1861  0.930500       -0.000000
      1862  0.931000       -0.000000
      1863  0.931500        0.000000
      1864  0.932000        0.000000
      1865  0.932500       -0.000000
      1866  0.933000       -0.000000
      1867  0.933500        0.000000
      1868  0.934000        0.000000
      1869  0.934500       -0.000000
      1870  0.935000       -0.000000
      1871  0.935500        0.000000
      1872  0.936000        0.000000
      1873  0.936500       -0.000000
      1874  0.937000       -0.000000
      1875  0.937500        0.000000
      1876  0.938000        0.000000
      1877  0.938500       -0.000000
      1878  0.939000        0.000000
      1879  0.939500        0.000000
      1880  0.940000       -0.000000
      1881  0.940500       -0.000000
      1882  0.941000        0.000000
      1883  0.941500        0.000000
      1884  0.942000       -0.000000
      1885  0.942500       -0.000000
      1886  0.943000        0.000000
      1887  0.943500        0.000000
      1888  0.944000       -0.000000
      1889  0.944500       -0.000000
      1890  0.945000        0.000000
      1891  0.945500        0.000000
      1892  0.946000       -0.000000
      1893  0.946500       -0.000000
      1894  0.947000        0.000000
      1895  0.947500        0.000000
      1896  0.948000       -0.000000
      1897  0.948500       -0.000000
      1898  0.949000        0.000000
      1899  0.949500        0.000000
      1900  0.950000       -0.000000
      1901  0.950500       -0.000000
      1902  0.951000        0.000000
      1903  0.951500        0.000000
      1904  0.952000       -0.000000
      1905  0.952500       -0.000000
      1906  0.953000        0.000000
      1907  0.953500        0.000000
      1908  0.954000       -0.000000
      1909  0.954500       -0.000000
      1910  0.955000        0.000000
      1911  0.955500        0.000000
      1912  0.956000       -0.000000
      1913  0.956500       -0.000000
      1914  0.957000        0.000000
      1915  0.957500       -0.000000
      1916  0.958000       -0.000000
      1917  0.958500        0.000000
      1918  0.959000        0.000000
      1919  0.959500       -0.000000
      1920  0.960000       -0.000000
      1921  0.960500        0.000000
      1922  0.961000        0.000000
      1923  0.961500       -0.000000
      1924  0.962000       -0.000000
      1925  0.962500        0.000000
      1926  0.963000        0.000000
      1927  0.963500       -0.000000
      1928  0.964000       -0.000000
      1929  0.964500        0.000000
      1930  0.965000        0.000000
      1931  0.965500       -0.000000
      1932  0.966000       -0.000000
      1933  0.966500        0.000000
      1934  0.967000        0.000000
      1935  0.967500       -0.000000
      1936  0.968000       -0.000000
      1937  0.968500        0.000000
      1938  0.969000        0.000000
      1939  0.969500       -0.000000
      1940  0.970000       -0.000000
      1941  0.970500        0.000000
      1942  0.971000        0.000000
      1943  0.971500       -0.000000
      1944  0.972000       -0.000000
      1945  0.972500        0.000000
      1946  0.973000        0.000000
      1947  0.973500       -0.000000
      1948  0.974000       -0.000000
      1949  0.974500        0.000000
      1950  0.975000       -0.000000
      1951  0.975500       -0.000000
      1952  0.976000        0.000000
      1953  0.976500        0.000000
      1954  0.977000       -0.000000
      1955  0.977500       -0.000000
      1956  0.978000        0.000000
      1957  0.978500        0.000000
      1958  0.979000       -0.000000
      1959  0.979500       -0.000000
      1960  0.980000        0.000000
      1961  0.980500        0.000000
      1962  0.981000       -0.000000
      1963  0.981500       -0.000000
      1964  0.982000        0.000000
      1965  0.982500        0.000000
      1966  0.983000       -0.000000
      1967  0.983500       -0.000000
      1968  0.984000        0.000000
      1969  0.984500        0.000000
      1970  0.985000       -0.000000
      1971  0.985500       -0.000000
      1972  0.986000        0.000000
      1973  0.986500        0.000000
      1974  0.987000       -0.000000
      1975  0.987500       -0.000000
      1976  0.988000        0.000000
      1977  0.988500        0.000000
      1978  0.989000       -0.000000
      1979  0.989500       -0.000000
      1980  0.990000        0.000000
      1981  0.990500        0.000000
      1982  0.991000       -0.000000
      1983  0.991500       -0.000000
      1984  0.992000        0.000000
      1985  0.992500       -0.000000
      1986  0.993000       -0.000000
      1987  0.993500        0.000000
      1988  0.994000        0.000000
      1989  0.994500       -0.000000
      1990  0.995000       -0.000000
      1991  0.995500        0.000000
      1992  0.996000        0.000000
      1993  0.996500       -0.000000
      1994  0.997000       -0.000000
      1995  0.997500        0.000000
      1996  0.998000        0.000001
      1997  0.998500       -0.000002
      1998  0.999000       -0.000004
      1999  0.999500        0.000019
      2000  1.000000        0.000064
