0.112252
0.123889
0.112622
0.126677
0.111623
0.123501
0.111126
0.123585
0.111732
0.124403
0.111498
0.126757
0.112169
0.122702
0.110794
0.120656
0.110796
0.124399
0.110703
0.126613
0.110859
0.122691
0.111860
0.122548
0.110642
0.123105
0.111603
0.123691
0.111264
0.122901
0.113777
0.123045
0.111671
0.123729
0.112053
0.126847
0.110786
0.126730
0.112029
0.123561
0.111324
0.123030
0.110864
0.124530
0.111187
0.125160
0.111480
0.123816
0.113560
0.369618
0.113304
0.126097
0.111270
0.123331
0.110757
0.123791
0.110967
0.124056
0.111969
0.126797
0.110875
0.125091
0.113406
0.128199
0.110885
0.122005
0.110509
0.124312
0.111464
0.123771
0.111782
0.123524
0.112523
0.124182
0.111624
0.124719
0.113114
0.126601
0.112317
0.123834
